12,781,55.72
55,899,69.35
59,1073,59.79
60,1159,141.28
60,1244,303.28
70,1519,365.13
80,1775,419.32
80,2059,416.4
90,2425,173
12,781,55.72
55,899,69.35
59,1073,59.79
60,1159,141.28
60,1244,303.28
70,1519,365.13
80,1775,419.32
80,2059,416.4
90,2425,173
12,781,55.72
55,899,69.35
59,1073,59.79
60,1159,141.28
60,1244,303.28
70,1519,365.13
80,1775,419.32
80,2059,416.4
90,2425,173
12,781,55.72
55,899,69.35
59,1073,59.79
60,1159,141.28
60,1244,303.28
70,1519,365.13
80,1775,419.32
80,2059,416.4
90,2425,173